3742452885
3742451763
3742434527
3742422576
3742409541
3741541284
3741524042
3741494304
3741474567
3741448290
3740335369
3740322452
3740306219
3740291387
3740253938
3739980214
3739550950
3739513098
3739469515
3738396314
3738411773
3738381745
3737915922
3737898320
3737643349
3737652100
3737661562
3737640372
3737629109
3737628068
3737626890
3737632045
3737610085
3737594176
3737559711
3737555132
3737530226
3737028601
3736972580
3736937508
3736652303
3736624101
3736582139
3736472722
3736271901
3736165921
3736109665
3735605747
3735588665
3735566568
3735520130
3734824505
3734820651
3734815149
3734778189
3734748616
3734741576
3734703967
3734625464
3734581639
3734573378
3734533565
3734300273
3734307652
3734230173
3734224719
3733737788
3733707334
3733662934
3733564023
3733521121
3733494121
3733414024
3733001020
3732959783
3732909838
3731635439
3731594497
3731154223
3731103757
3731077583
3731073817
3730974082
3730937586
3730920510
3730869008
3730838892
3730829302
3730134276
3730106813
3730066354
3730041988
3730011161
3728967548
3728918382
3728839277
3728812632
3728773768
3728728188
3728103469